0
0
0
0
0
0
0
0
0
0
0
0
0
0
0
0
0
0
0
0
0
0
0
0
0
0
0
0
0
0
0
0
0
0
0
0
0
0
0
0
0
0
0
0
0
0
0
0
0
0
0
0
0
0
0
0
0
0
0
0
0
0
0
0
0
0
0
0
0
0
0
0
0
0
0
0
0
0
0
0
0
0
0
0
0
0
0
0
0
0
0
0
0
0
0
0
0
0
0
0
0
0
0
0
0
0
0
0
0
0
0
0
0
0
0
0
0
0
0
0
0
0
0
0
0
0
0
0
0
0
0
0
0
0
0
0
0
0
0
0
0
0
0
0
0
0
0
0
0
0
0
0
0
0
0
0
0
0
0
0
0
0
0
0
0
0
0
0
0
0
0
0
0
0
0
0
0
0
0
0
0
0
0
0
0
0
0
0
0
0
0
0
0
0
0
0
0
0
0
1
4
8
14
20
30
40
51
63
77
91
107
123
141
159
178
197
216
236
258
282
307
333
359
388
420
452
487
523
561
599
639
680
724
773
823
873
927
983
1039
1096
1154
1215
1276
1338
1413
1490
1567
1645
1723
1803
1884
1967
2057
2151
2253
2356
2460
2571
2695
2819
2944
3070
3201
3333
3468
3614
3760
3907
4056
4210
4367
4525
4683
4841
5000
5161
5326
5493
5661
5829
5999
6170
6342
6515
6690
6867
7044
7222
7402
7582
7765
7949
8136
8323
8511
8699
8887
9076
9265
9456
9647
9839
10032
10225
10418
10611
10805
10999
11195
11392
11589
11787
11986
12185
12385
12585
12785
12985
13185
13385
13586
13787
13989
14192
14396
14600
14804
15008
15213
15421
15630
15840
16050
16262
16475
16688
16901
17114
17327
17542
17758
17975
18192
18409
18627
18845
19064
19283
19503
19723
19944
20166
20390
20615
20840
21065
21290
21516
21742
21969
22196
22424
22653
22882
23111
23340
23570
23800
24030
24261
24492
24723
24954
25185
25416
25647
25878
26109
26341
26573
26805
27037
27269
27501
27734
27967
28201
28435
28669
28904
29139
29374
29610
29846
30083
30320
30557
30795
31033
31272
31511
31750
31990
32230
32470
32710
32951
33192
33433
33675
33917
34159
34402
34645
34888
35131
35375
35619
35863
36108
36353
36598
36843
37089
37335
37582
37829
38077
38325
38573
38821
39069
39318
39567
39816
40066
40317
40569
40821
41073
41325
41578
41831
42084
42337
42590
42843
43096
43349
43603
43858
44113
44368
44623
44879
45135
45391
45647
45903
46160
46417
46674
46931
47188
47446
47704
47962
48220
48479
48738
48997
49256
49516
49776
50036
50296
50556
50817
51078
51339
51600
51861
52122
52383
52645
52907
53169
53431
53693
53956
54220
54484
54748
55012
55276
55540
55805
56070
56335
56600
56865
57130
57395
57660
57925
58190
58455
58721
58987
59253
59519
59785
60051
60317
60584
60851
61118
61385
61653
61921
62189
62457
62725
62994
63263
63532
63801
64070
64339
64608
64877
65147
65417
65687
65957
66227
66497
66768
67039
67310
67581
67852
68123
68394
68665
68936
69207
69478
69750
70022
70295
70568
70841
71114
71387
71660
71933
72206
72479
72753
73027
73301
73575
73849
74123
74397
74671
74946
75221
75496
75771
76046
76322
76598
76875
77152
77430
77708
77986
78264
78542
78820
79098
79376
79654
79933
80212
80491
80770
81049
81328
81607
81886
82166
82446
82726
83006
83286
83566
83846
84126
84406
84686
84967
85248
85529
85810
86091
86372
86653
86935
87217
87499
87781
88063
88345
88627
88909
89192
89475
89758
90041
90324
90607
90890
91173
91456
91740
92024
92308
92592
92876
93160
93444
93728
94012
94297
94582
94867
95153
95439
95725
96011
96297
96583
96869
97155
97441
97727
98014
98301
98588
98875
99162
99449
99738
100027
100316
100605
100894
101183
101472
101761
102051
102341
102631
102921
103212
103503
103794
104085
104376
104667
104958
105250
105542
105834
106126
106418
106710
107002
107295
107588
107881
108174
108467
108761
109055
109349
109643
109937
110231
110525
110819
111113
111408
111703
111998
112293
112588
112883
113178
113473
113768
114063
114359
114655
114951
115247
115543
115839
116135
116432
116729
117026
117323
117620
117917
118215
118513
118811
119109
119407
119706
120005
120304
120603
120902
121201
121500
121799
122098
122397
122696
122996
123296
123596
123896
124196
124496
124796
125096
125396
125697
125998
126299
126600
126902
127204
127506
127808
128110
128412
128714
129016
129318
129620
129922
130224
130526
130829
131132
131435
131738
132041
132344
132648
132952
133256
133560
133864
134168
134472
134776
135081
135386
135691
135996
136301
136606
136911
137216
137521
137827
138133
138439
138745
139051
139357
139663
139969
140276
140583
140890
141197
141504
141812
142120
142428
142736
143044
143353
143662
143971
144280
144589
144898
145207
145516
145825
146134
146444
146754
147064
147374
147684
147994
148305
148616
148927
149238
149549
149860
150171
150482
150794
151106
151418
151730
152042
152354
152666
152978
153291
153604
153917
154230
154543
154856
155169
155482
155796
156110
156424
156738
157052
157366
157680
157994
158308
158622
158937
159252
159567
159882
160198
160514
160830
161146
161463
161780
162097
162414
162731
163048
163365
163682
164000
164318
164636
164954
165272
165591
165910
166229
166548
166867
167186
167505
167824
168143
168462
168781
169100
169420
169740
170060
170380
170700
171020
171340
171660
171980
172300
172621
172942
173263
173584
173905
174226
174547
174868
175189
175510
175831
176152
176474
176796
177118
177440
177763
178086
178409
178732
179055
179378
179701
180024
180347
180670
180993
181317
181641
181965
182289
182613
182937
183262
183587
183912
184237
184562
184887
185212
185537
185862
186187
186512
186838
187164
187490
187816
188142
188468
188794
189120
189447
189774
190101
190428
190756
191084
191412
191740
192068
192396
192725
193054
193383
193712
194042
194372
194702
195032
195362
195692
196022
196352
196683
197014
197345
197676
198007
198338
198669
199000
199331
199663
199995
200327
200659
200991
201323
201655
201987
202320
202653
202986
203319
203652
203985
204318
204652
204986
205320
205654
205988
206322
206656
206990
207324
207659
207994
208329
208664
208999
209334
209670
210006
210342
210678
211014
211350
211686
212022
212358
212694
213030
213366
213703
214040
214377
214714
215051
215388
215726
216064
216402
216740
217079
217418
217757
218096
218435
218775
219115
219455
219795
220136
220477
220818
221159
221500
221841
222182
222523
222864
223206
223548
223890
224232
224574
224916
225258
225601
225944
226287
226630
226973
227316
227659
228003
228347
228691
229035
229379
229723
230067
230411
230755
231100
231445
231790
232136
232482
232828
233174
233520
233866
234212
234558
234904
235250
235597
235944
236291
236638
236985
237332
237680
238028
238376
238725
239074
239423
239772
240121
240471
240821
241171
241521
241871
242221
242571
242922
243273
243624
243975
244326
244677
245028
245379
245731
246083
246435
246787
247139
247491
247843
248195
248547
248900
249253
249606
249959
250312
250665
251018
251372
251726
252080
252434
252788
253142
253496
253850
254205
254560
254915
255270
255625
255980
256335
256690
257046
257402
257758
258114
258470
258826
259182
259538
259895
260252
260609
260966
261323
261680
262038
262396
262754
263112
263470
263829
264188
264547
264906
265265
265624
265983
266342
266702
267063
267424
267785
268146
268507
268868
269229
269590
269951
270313
270675
271037
271399
271761
272123
272485
272847
273209
273571
273933
274296
274659
275022
275385
275748
276111
276475
276839
277203
277567
277931
278295
278660
279025
279390
279755
280120
280486
280852
281218
281584
281950
282316
282682
283049
283416
283783
284150
284517
284885
285253
285621
285989
286357
286726
287095
287464
287833
288202
288571
288941
289311
289681
290051
290421
290791
291161
291531
291901
292271
292642
293014
293386
293758
294130
294502
294874
295247
295620
295993
296366
296739
297112
297485
297858
298231
298604
298977
299351
299725
300099
300474
300849
301224
301599
301974
302349
302724
303099
303474
303849
304225
304601
304977
305353
305729
306105
306482
306859
307236
307613
307991
308369
308747
309125
309504
309883
310262
310641
311020
311399
311778
312158
312538
312918
313298
313678
314058
314438
314819
315200
315581
315962
316343
316724
317105
317486
317867
318249
318631
319013
319395
319777
320159
320541
320924
321307
321690
322073
322456
322839
323222
323605
323988
324371
324754
325138
325522
325906
326290
326674
327058
327442
327827
328212
328597
328982
329367
329752
330137
330522
330908
331294
331680
332066
332452
332838
333224
333611
333998
334385
334772
335159
335546
335934
336322
336711
337100
337489
337878
338267
338656
339045
339434
339824
340214
340604
340994
341384
341774
342164
342555
342946
343337
343728
344119
344510
344902
345294
345686
346078
346470
346862
347254
347646
348039
348432
348825
349218
349611
350005
350399
350793
351187
351581
351976
352371
352766
353161
353556
353951
354346
354741
355136
355532
355928
356324
356720
357116
357512
357908
358304
358700
359096
359493
359890
360287
360684
361081
361479
361877
362275
362673
363071
363469
363868
364267
364666
365065
365464
365864
366264
366664
367064
367464
367864
368264
368664
369064
369464
369864
370264
370664
371064
371464
371865
372266
372667
373068
373469
373871
374273
374675
375077
375479
375881
376284
376687
377090
377494
377898
378302
378706
379110
379514
379919
380324
380729
381135
381541
381947
382353
382759
383166
383573
383980
384387
384794
385201
385608
386015
386422
386829
387237
387645
388053
388461
388869
389277
389685
390093
390501
390910
391319
391728
392137
392546
392955
393364
393773
394182
394592
395002
395412
395823
396234
396645
397056
397467
397878
398289
398700
399112
399524
399936
400348
400760
401172
401584
401996
402408
402821
403234
403647
404060
404473
404886
405300
405714
406128
406542
406957
407372
407787
408203
408619
409035
409451
409867
410283
410699
411115
411532
411949
412366
412783
413200
413618
414036
414454
414873
415292
415711
416130
416549
416968
417387
417807
418227
418647
419067
419487
419907
420328
420749
421170
421592
422014
422437
422860
423283
423706
424129
424553
424977
425401
425825
426250
426675
427100
427525
427950
428375
428800
429225
429651
430077
430503
430929
431355
431781
432208
432635
433062
433490
433918
434346
434774
435202
435630
436058
436487
436916
437345
437774
438203
438632
439061
439491
439922
440353
440784
441215
441646
442077
442509
442941
443373
443805
444237
444669
445101
445533
445965
446398
446831
447264
447697
448130
448563
448996
449429
449862
450296
450730
451164
451598
452033
452468
452903
453338
453773
454208
454644
455080
455516
455952
456388
456824
457260
457696
458133
458570
459007
459444
459881
460319
460757
461195
461633
462072
462511
462950
463389
463828
464267
464706
465146
465586
466026
466466
466906
467346
467787
468228
468670
469112
469554
469997
470440
470883
471326
471769
472212
472655
473098
473542
473986
474430
474874
475318
475762
476206
476650
477095
477540
477985
478430
478875
479321
479767
480213
480659
481105
481552
481999
482447
482895
483343
483791
484239
484687
485135
485583
486031
486479
486928
487377
487826
488275
488724
489173
489623
490073
490523
490973
491423
491874
492325
492776
493227
493678
494130
494582
495034
495486
495939
496392
496845
497298
497752
498206
498660
499114
499569
500024
500479
500935
501391
501847
502303
502760
503218
503676
504134
504592
505051
505511
505971
506431
506891
507351
507811
508271
508731
509191
509651
510111
510572
511033
511494
511955
512417
512879
513341
513803
514265
514727
515190
515653
516116
516579
517043
517507
517971
518436
518901
519366
519831
520296
520761
521227
521693
522159
522625
523091
523557
524023
524489
524955
525422
525889
526356
526823
527290
527757
528224
528692
529160
529628
530097
530566
531035
531505
531975
532445
532915
533385
533855
534326
534797
535268
535739
536211
536683
537155
537628
538101
538574
539047
539521
539995
540469
540943
541417
541891
542366
542841
543316
543791
544266
544742
545218
545694
546171
546648
547125
547602
548079
548557
549035
549513
549991
550470
550949
551428
551908
552388
552868
553349
553830
554311
554792
555274
555756
556238
556720
557202
557684
558166
558648
559131
559614
560097
560581
561066
561551
562036
562521
563006
563492
563978
564464
564950
565436
565922
566408
566895
567382
567869
568356
568843
569330
569817
570304
570792
571280
571768
572256
572744
573233
573722
574211
574700
575190
575680
576170
576660
577150
577640
578130
578620
579111
579602
580093
580584
581075
581566
582058
582550
583042
583534
584026
584518
585011
585504
585997
586490
586984
587479
587974
588469
588964
589460
589956
590452
590949
591446
591944
592442
592940
593438
593936
594434
594932
595431
595930
596429
596928
597427
597927
598428
598929
599430
599931
600432
600933
601435
601937
602439
602941
603443
603945
604447
604949
605451
605954
606457
606960
607463
607966
608469
608972
609476
609980
610484
610988
611492
611996
612501
613006
613511
614017
614523
615029
615536
616043
616550
617057
617564
618071
618578
619086
619594
620102
620610
621118
621627
622136
622645
623154
623663
624172
624681
625191
625701
626211
626722
627233
627745
628257
628769
629281
629794
630307
630820
631333
631846
632359
632873
633387
633901
634415
634929
635443
635958
636473
636988
637503
638018
638533
639048
639563
640078
640593
641109
641625
642141
642659
643178
643697
644217
644737
645257
645777
646298
646819
647340
647861
648383
648905
649427
649949
650471
650993
651515
652038
652561
653084
653608
654132
654657
655182
655707
656232
656757
657282
657808
658334
658860
659386
659913
660440
660967
661494
662022
662550
663079
663608
664137
664666
665195
665725
666255
666785
667315
667846
668377
668909
669441
669973
670505
671037
671570
672103
672637
673171
673705
674239
674773
675308
675843
676378
676914
677450
677986
678522
679058
679595
680132
680669
681206
681743
682281
682819
683357
683895
684433
684972
685511
686051
686591
687131
687671
688211
688751
689291
689831
690372
690913
691454
691995
692536
693077
693619
694161
694703
695246
695789
696332
696875
697418
697962
698506
699050
699594
700139
700684
701229
701774
702320
702866
703412
703959
704506
705053
705600
706147
706694
707242
707790
708338
708886
709434
709983
710532
711081
711631
712181
712731
713282
713833
714384
714935
715487
716039
716591
717143
717697
718251
718805
719359
719913
720467
721021
721576
722131
722686
723241
723796
724352
724908
725464
726020
726577
727134
727691
728248
728805
729362
729919
730476
731034
731592
732150
732709
733268
733827
734386
734946
735506
736066
736627
737188
737749
738310
738871
739432
739993
740555
741117
741679
742242
742805
743368
743932
744496
745061
745626
746191
746756
747321
747887
748453
749019
749586
750153
750720
751287
751854
752421
752989
753557
754125
754693
755261
755829
756398
756968
757538
758109
758680
759251
759822
760394
760966
761538
762110
762682
763255
763828
764401
764974
765547
766121
766695
767269
767843
768417
768991
769565
770140
770715
771290
771865
772441
773017
773593
774169
774745
775322
775900
776478
777056
777635
778214
778794
779374
779954
780535
781116
781697
782279
782861
783443
784026
784609
785192
785775
786358
786942
787527
788112
788698
789284
789870
790457
791044
791631
792218
792806
793394
793982
794570
795158
795747
796336
796926
797516
798107
798698
799289
799881
800473
801065
801657
802250
802843
803437
804031
804625
805220
805815
806411
807007
807603
808199
808796
809393
809990
810587
811184
811781
812378
812976
813574
814172
814770
815369
815968
816567
817166
817765
818365
818965
819565
820166
820767
821368
821969
822571
823173
823775
824377
824980
825583
826186
826789
827392
827996
828600
829204
829808
830412
831016
831620
832225
832830
833436
834042
834648
835254
835861
836468
837076
837684
838292
838901
839510
840119
840728
841338
841948
842558
843168
843779
844390
845002
845615
846228
846841
847454
848068
848682
849297
849912
850527
851142
851758
852374
852990
853606
854223
854840
855458
856076
856694
857312
857930
858549
859168
859787
860406
861025
861645
862265
862886
863507
864129
864751
865373
865995
866618
867241
867864
868487
869110
869733
870356
870979
871602
872226
872850
873474
874098
874723
875348
875973
876598
877224
877850
878476
879103
879731
880359
880987
881616
882245
882874
883503
884133
884764
885395
886026
886658
887290
887923
888558
889193
889828
890463
891098
891733
892369
893005
893642
894279
894916
895553
896190
896828
897467
898106
898745
899385
900025
900665
901306
901948
902590
903232
903874
904516
905159
905802
906445
907089
907733
908377
909022
909667
910312
910958
911605
912252
912900
913548
914196
914844
915492
916141
916790
917439
918088
918738
919388
920038
920689
921340
921991
922642
923293
923945
924597
925249
925901
926554
927207
927860
928513
929167
929821
930476
931131
931786
932442
933098
933754
934410
935067
935724
936381
937038
937695
938354
939013
939672
940331
940990
941649
942309
942969
943629
944289
944950
945611
946272
946933
947594
948255
948916
949577
950239
950901
951565
952229
952893
953558
954223
954889
955555
956221
956888
957555
958223
958891
959559
960228
960897
961566
962235
962904
963574
964244
964914
965584
966254
966925
967596
968267
968938
969609
970281
970953
971626
972299
972973
973647
974321
974996
975671
976347
977024
977701
978378
979055
979732
980409
981087
981765
982443
983121
983799
984477
985156
985835
986515
987195
987875
988555
989236
989917
990598
991279
991961
992643
993325
994007
994690
995374
996058
996742
997426
998110
998795
999480
1000165
1000850
1001535
1002221
1002907
1003593
1004280
1004967
1005654
1006341
1007028
1007716
1008404
1009092
1009780
1010469
1011158
1011847
1012536
1013225
1013915
1014605
1015295
1015986
1016678
1017370
1018062
1018755
1019448
1020141
1020835
1021529
1022223
1022918
1023613
1024308
1025003
1025698
1026393
1027089
1027786
1028483
1029180
1029877
1030574
1031272
1031970
1032669
1033370
1034072
1034774
1035476
1036178
1036881
1037584
1038287
1038991
1039695
1040399
1041103
1041807
1042512
1043217
1043922
1044627
1045332
1046038
1046744
1047450
1048156
1048862
1049569
1050276
1050983
1051690
1052398
1053106
1053814
1054524
1055234
1055944
1056654
1057365
1058076
1058787
1059498
1060210
1060922
1061635
1062349
1063063
1063777
1064491
1065206
1065921
1066636
1067351
1068068
1068785
1069502
1070219
1070938
1071658
1072378
1073100
1073822
1074544
1075266
1075988
1076710
1077432
1078155
1078878
1079602
1080327
1081052
1081777
1082503
1083229
1083955
1084682
1085410
1086139
1086869
1087599
1088329
1089059
1089789
1090520
1091251
1091982
1092713
1093444
1094175
1094907
1095639
1096371
1097103
1097836
1098569
1099302
1100035
1100769
1101503
1102237
1102971
1103706
1104441
1105176
1105912
1106648
1107384
1108120
1108856
1109592
1110329
1111067
1111805
1112543
1113281
1114019
1114757
1115496
1116235
1116974
1117713
1118453
1119193
1119934
1120675
1121416
1122158
1122900
1123642
1124384
1125127
1125870
1126614
1127358
1128103
1128848
1129593
1130339
1131085
1131832
1132579
1133327
1134075
1134823
1135571
1136320
1137069
1137818
1138567
1139317
1140067
1140817
1141568
1142319
1143070
1143822
1144574
1145327
1146080
1146833
1147588
1148343
1149098
1149854
1150610
1151366
1152123
1152880
1153637
1154394
1155155
1155916
1156678
1157440
1158203
1158967
1159731
1160496
1161264
1162032
1162800
1163569
1164339
1165110
1165881
1166652
1167426
1168201
1168976
1169751
1170527
1171303
1172079
1172856
1173633
1174410
1175188
1175966
1176744
1177523
1178303
1179084
1179865
1180646
1181427
1182209
1182991
1183774
1184557
1185340
1186124
1186908
1187693
1188478
1189264
1190050
1190836
1191622
1192409
1193196
1193983
1194772
1195561
1196351
1197141
1197931
1198721
1199512
1200304
1201096
1201889
1202683
1203479
1204275
1205071
1205868
1206667
1207466
1208265
1209064
1209864
1210664
1211464
1212264
1213066
1213868
1214670
1215473
1216276
1217079
1217882
1218686
1219490
1220295
1221100
1221907
1222714
1223521
1224328
1225136
1225945
1226754
1227563
1228373
1229183
1229993
1230803
1231614
1232425
1233236
1234048
1234860
1235673
1236486
1237300
1238114
1238928
1239743
1240558
1241373
1242189
1243005
1243822
1244639
1245457
1246275
1247094
1247913
1248733
1249553
1250373
1251194
1252015
1252836
1253658
1254482
1255308
1256134
1256960
1257786
1258613
1259441
1260270
1261099
1261928
1262757
1263586
1264416
1265246
1266076
1266907
1267739
1268571
1269405
1270242
1271079
1271917
1272756
1273595
1274434
1275275
1276117
1276960
1277803
1278647
1279492
1280337
1281182
1282028
1282874
1283720
1284566
1285413
1286260
1287107
1287957
1288807
1289657
1290507
1291359
1292211
1293066
1293921
1294777
1295635
1296494
1297354
1298214
1299074
1299937
1300800
1301664
1302528
1303393
1304258
1305123
1305990
1306857
1307725
1308594
1309463
1310332
1311203
1312074
1312945
1313817
1314690
1315565
1316442
1317323
1318204
1319085
1319967
1320850
1321734
1322618
1323503
1324389
1325277
1326168
1327059
1327953
1328847
1329746
1330645
1331544
1332443
1333343
1334243
1335144
1336047
1336951
1337856
1338763
1339670
1340578
1341486
1342394
1343303
1344212
1345122
1346034
1346946
1347859
1348773
1349688
1350605
1351524
1352444
1353364
1354284
1355205
1356127
1357049
1357972
1358896
1359821
1360747
1361673
1362600
1363528
1364456
1365386
1366317
1367249
1368182
1369116
1370050
1370985
1371920
1372857
1373797
1374740
1375683
1376628
1377574
1378520
1379467
1380415
1381368
1382323
1383279
1384237
1385199
1386162
1387126
1388090
1389060
1390033
1391007
1391982
1392959
1393937
1394916
1395896
1396877
1397859
1398842
1399826
1400810
1401796
1402783
1403771
1404759
1405754
1406751
1407750
1408760
1409771
1410783
1411799
1412816
1413835
1414854
1415876
1416903
1417936
1418979
1420032
1421089
1422160
1423236
1424313
1425407
1426512
1427620
1428730
1429861
1430995
1432142
1433297
1434452
1435637
1436895
1438166
1439462
1440767
1442251
1443777
1445333
1446893
1448458
1450119
1452054
1454046
1456181
1458326
1460488
1462702
1465071
1467486
1470073
1472820
1475593
1479031
1482794
1487023
1491639
1496467
1501452
1506494
1512134
1518440
1524779
1531677
1538665
1547800
