0
0
0
0
0
0
0
0
0
0
0
0
0
0
0
0
0
0
0
0
0
0
0
0
0
0
0
0
0
0
0
0
0
0
0
0
0
0
0
0
0
0
0
0
0
0
0
0
0
0
0
0
0
0
0
0
0
0
0
0
0
0
0
0
0
0
0
0
0
0
0
0
0
0
0
0
0
0
0
0
0
0
0
0
0
0
0
0
0
0
0
0
0
0
0
0
0
0
0
0
0
0
0
0
0
0
0
0
0
0
0
0
0
0
0
0
0
0
0
0
0
0
0
0
0
0
0
0
0
0
0
0
0
0
0
0
0
0
0
0
0
0
0
0
0
0
0
0
0
0
0
0
0
0
0
0
0
0
0
0
0
0
0
0
0
0
0
0
0
0
0
0
0
0
0
0
0
0
0
0
0
0
0
0
0
0
0
0
0
0
0
0
0
0
0
0
0
0
0
1
3
7
15
23
31
41
52
64
78
92
106
120
136
155
174
193
213
234
256
280
304
328
354
383
413
443
479
515
554
594
635
677
719
769
820
871
923
976
1030
1087
1146
1207
1269
1331
1401
1474
1549
1624
1704
1786
1874
1963
2055
2149
2246
2346
2450
2559
2681
2804
2927
3051
3176
3306
3438
3581
3731
3884
4037
4193
4349
4507
4668
4829
4991
5154
5319
5486
5657
5828
6000
6172
6346
6520
6696
6873
7050
7232
7414
7597
7781
7965
8149
8334
8520
8706
8893
9080
9267
9455
9644
9834
10025
10217
10409
10603
10797
10992
11187
11382
11577
11773
11969
12165
12363
12561
12760
12960
13160
13361
13562
13764
13967
14171
14376
14581
14786
14992
15199
15407
15615
15824
16034
16244
16456
16670
16884
17098
17313
17528
17743
17958
18174
18390
18607
18824
19045
19266
19487
19708
19929
20151
20373
20595
20818
21041
21265
21489
21713
21938
22163
22388
22613
22838
23064
23290
23516
23742
23969
24197
24425
24654
24884
25114
25344
25574
25804
26034
26265
26496
26727
26958
27190
27422
27654
27887
28120
28353
28587
28821
29055
29289
29524
29760
29996
30232
30468
30705
30942
31181
31420
31659
31898
32138
32378
32619
32860
33101
33342
33583
33825
34067
34309
34551
34794
35037
35280
35524
35769
36014
36259
36504
36749
36994
37240
37486
37732
37979
38226
38473
38721
38969
39217
39465
39713
39962
40212
40462
40712
40962
41213
41464
41715
41967
42219
42471
42723
42976
43229
43482
43735
43988
44241
44494
44748
45002
45257
45512
45767
46022
46278
46534
46790
47046
47302
47559
47816
48073
48331
48589
48847
49105
49363
49622
49881
50140
50399
50658
50918
51178
51438
51698
51958
52218
52478
52739
53000
53262
53524
53786
54049
54312
54575
54838
55101
55365
55629
55893
56157
56421
56685
56950
57215
57480
57745
58011
58277
58543
58809
59075
59341
59607
59875
60143
60411
60679
60948
61217
61486
61755
62024
62293
62562
62831
63100
63370
63640
63910
64180
64451
64722
64993
65264
65535
65806
66077
66349
66621
66893
67165
67437
67709
67981
68254
68527
68800
69073
69346
69619
69892
70165
70438
70711
70985
71259
71533
71807
72081
72355
72629
72904
73179
73454
73729
74004
74279
74554
74830
75106
75382
75658
75935
76212
76489
76766
77043
77321
77599
77877
78155
78433
78711
78989
79267
79545
79823
80102
80381
80660
80939
81218
81497
81776
82055
82334
82613
82892
83171
83451
83731
84011
84291
84571
84852
85133
85414
85695
85976
86258
86540
86822
87104
87386
87668
87950
88233
88516
88799
89082
89365
89648
89931
90214
90497
90780
91063
91347
91631
91915
92199
92483
92767
93051
93335
93619
93903
94187
94472
94757
95042
95327
95613
95899
96185
96471
96757
97043
97329
97615
97902
98189
98476
98763
99050
99337
99624
99911
100198
100486
100774
101062
101350
101638
101927
102216
102505
102794
103083
103372
103662
103952
104242
104532
104823
105114
105405
105696
105987
106279
106571
106863
107155
107448
107741
108034
108327
108620
108914
109208
109502
109796
110090
110384
110678
110972
111266
111560
111854
112148
112442
112736
113031
113326
113621
113916
114211
114506
114802
115098
115394
115690
115986
116282
116578
116874
117170
117466
117762
118058
118354
118651
118948
119245
119542
119839
120136
120433
120730
121027
121325
121623
121921
122219
122517
122815
123114
123413
123712
124011
124310
124609
124908
125207
125506
125805
126105
126405
126705
127005
127306
127607
127908
128209
128510
128812
129114
129416
129718
130020
130322
130624
130926
131228
131530
131832
132134
132437
132740
133043
133346
133649
133952
134255
134558
134862
135166
135470
135774
136078
136382
136686
136990
137294
137598
137903
138208
138513
138818
139123
139428
139733
140038
140344
140650
140956
141262
141568
141875
142182
142489
142796
143103
143410
143717
144024
144331
144639
144947
145255
145563
145871
146179
146487
146795
147103
147411
147719
148027
148336
148645
148954
149263
149572
149882
150192
150502
150813
151124
151435
151746
152057
152368
152679
152990
153302
153614
153926
154238
154550
154862
155174
155486
155798
156110
156422
156734
157047
157360
157673
157986
158299
158612
158926
159240
159554
159868
160183
160498
160813
161129
161445
161761
162077
162394
162711
163028
163345
163662
163979
164296
164613
164930
165247
165565
165883
166201
166519
166837
167155
167474
167794
168114
168434
168754
169074
169395
169716
170037
170358
170679
171000
171321
171643
171965
172287
172609
172931
173253
173575
173897
174219
174541
174863
175185
175508
175831
176154
176477
176800
177123
177446
177769
178092
178415
178739
179063
179387
179711
180035
180359
180683
181007
181331
181656
181981
182306
182631
182956
183281
183606
183931
184256
184581
184906
185231
185557
185883
186209
186536
186863
187190
187517
187844
188171
188498
188825
189152
189479
189807
190135
190463
190791
191119
191447
191775
192103
192431
192760
193089
193418
193747
194076
194405
194734
195064
195394
195724
196054
196384
196714
197044
197374
197704
198035
198366
198697
199028
199359
199691
200023
200355
200687
201019
201351
201684
202017
202350
202683
203016
203349
203682
204015
204349
204683
205017
205351
205685
206020
206355
206690
207025
207360
207695
208030
208365
208700
209036
209372
209708
210044
210380
210716
211052
211388
211724
212061
212398
212735
213072
213409
213746
214084
214422
214760
215098
215436
215774
216112
216450
216789
217128
217467
217806
218145
218484
218823
219162
219501
219840
220179
220518
220858
221198
221538
221878
222218
222558
222898
223239
223580
223922
224264
224607
224950
225293
225636
225979
226322
226665
227008
227351
227694
228038
228382
228726
229070
229414
229758
230102
230446
230791
231136
231481
231826
232171
232516
232861
233206
233551
233896
234242
234588
234934
235280
235626
235972
236318
236665
237012
237359
237706
238053
238400
238747
239094
239441
239788
240135
240482
240829
241177
241525
241873
242221
242569
242917
243266
243615
243964
244313
244662
245012
245362
245712
246062
246412
246762
247113
247464
247815
248166
248517
248869
249221
249573
249925
250277
250629
250981
251333
251686
252039
252392
252745
253098
253452
253806
254160
254514
254868
255222
255576
255931
256286
256641
256996
257352
257708
258064
258420
258776
259132
259489
259846
260203
260560
260917
261274
261631
261988
262346
262704
263062
263420
263778
264136
264494
264852
265211
265570
265929
266288
266647
267007
267367
267727
268087
268447
268808
269169
269530
269891
270252
270613
270974
271335
271697
272059
272421
272783
273145
273507
273869
274232
274595
274958
275321
275684
276047
276410
276773
277136
277500
277864
278228
278592
278956
279321
279686
280051
280416
280781
281146
281511
281876
282242
282608
282974
283340
283706
284072
284438
284805
285173
285541
285909
286277
286646
287015
287384
287753
288122
288491
288861
289231
289601
289971
290342
290713
291084
291455
291826
292197
292568
292940
293312
293684
294056
294428
294800
295173
295546
295919
296292
296665
297038
297411
297785
298159
298533
298908
299283
299658
300033
300408
300783
301158
301534
301910
302286
302662
303038
303414
303790
304167
304544
304921
305298
305675
306052
306429
306807
307185
307563
307942
308321
308700
309079
309458
309837
310216
310595
310975
311355
311735
312115
312495
312875
313255
313635
314016
314397
314778
315159
315540
315921
316302
316683
317064
317446
317828
318210
318593
318976
319359
319742
320125
320508
320891
321274
321657
322040
322423
322806
323189
323573
323957
324341
324725
325109
325493
325877
326262
326647
327032
327417
327802
328188
328574
328960
329346
329732
330118
330504
330890
331276
331662
332049
332436
332823
333210
333597
333984
334372
334760
335148
335536
335924
336313
336702
337091
337480
337869
338258
338648
339038
339428
339818
340208
340598
340988
341378
341769
342160
342551
342942
343333
343724
344115
344506
344897
345288
345679
346071
346463
346855
347247
347639
348032
348425
348818
349211
349604
349997
350390
350783
351176
351570
351964
352358
352752
353146
353540
353934
354328
354722
355116
355510
355904
356298
356693
357088
357483
357878
358273
358668
359064
359460
359856
360252
360648
361044
361440
361836
362232
362628
363024
363421
363818
364215
364612
365010
365408
365806
366205
366604
367003
367402
367801
368201
368601
369001
369401
369801
370201
370601
371001
371402
371803
372204
372605
373006
373407
373808
374209
374611
375013
375415
375817
376219
376621
377023
377426
377829
378232
378635
379039
379443
379847
380251
380655
381059
381463
381867
382271
382675
383079
383484
383889
384294
384699
385104
385509
385914
386320
386726
387132
387538
387945
388352
388759
389166
389573
389980
390388
390796
391204
391612
392020
392428
392837
393246
393655
394064
394473
394882
395292
395702
396112
396522
396932
397342
397752
398163
398574
398985
399396
399807
400219
400631
401043
401455
401867
402279
402691
403103
403516
403929
404342
404755
405168
405582
405996
406411
406826
407241
407656
408071
408487
408903
409319
409735
410151
410567
410983
411400
411817
412234
412652
413070
413488
413906
414324
414742
415160
415578
415997
416416
416835
417255
417675
418095
418516
418937
419358
419779
420200
420621
421042
421463
421884
422306
422728
423150
423572
423994
424417
424840
425263
425686
426109
426532
426955
427379
427803
428227
428651
429075
429499
429924
430349
430774
431200
431626
432052
432478
432904
433330
433756
434182
434608
435035
435462
435889
436316
436744
437172
437600
438028
438456
438884
439312
439741
440170
440599
441029
441459
441889
442319
442749
443180
443611
444042
444473
444904
445335
445767
446199
446631
447063
447495
447927
448360
448793
449226
449659
450092
450525
450958
451392
451826
452260
452694
453128
453562
453996
454431
454866
455301
455736
456171
456607
457043
457480
457917
458354
458791
459228
459665
460103
460541
460979
461417
461855
462293
462731
463169
463608
464047
464486
464926
465366
465806
466246
466686
467126
467567
468008
468449
468890
469331
469772
470213
470655
471097
471539
471981
472423
472865
473307
473750
474193
474636
475079
475522
475965
476409
476853
477297
477741
478185
478629
479074
479519
479964
480409
480854
481299
481744
482189
482635
483081
483527
483973
484420
484867
485314
485761
486208
486656
487104
487552
488000
488448
488897
489346
489795
490244
490694
491144
491594
492044
492494
492944
493394
493845
494296
494747
495199
495651
496103
496555
497007
497459
497911
498363
498815
499268
499722
500176
500630
501084
501538
501993
502448
502904
503360
503816
504272
504728
505184
505640
506097
506554
507011
507469
507927
508385
508843
509301
509760
510219
510678
511137
511596
512055
512514
512974
513434
513894
514355
514816
515277
515738
516199
516660
517122
517584
518046
518508
518970
519432
519894
520356
520818
521280
521743
522206
522669
523132
523596
524060
524524
524989
525454
525919
526384
526850
527316
527782
528248
528714
529180
529646
530112
530579
531046
531513
531980
532448
532916
533384
533852
534321
534791
535261
535731
536201
536671
537141
537611
538081
538552
539023
539494
539965
540437
540909
541381
541853
542326
542799
543272
543745
544219
544694
545169
545644
546120
546596
547072
547548
548025
548502
548979
549456
549933
550410
550887
551364
551841
552319
552797
553275
553753
554232
554712
555192
555672
556153
556634
557115
557596
558077
558558
559040
559522
560004
560487
560970
561453
561936
562419
562902
563386
563870
564355
564840
565326
565812
566298
566784
567270
567756
568243
568730
569218
569706
570194
570682
571170
571658
572147
572636
573125
573614
574103
574592
575082
575572
576062
576552
577042
577532
578023
578514
579005
579496
579988
580481
580974
581467
581960
582453
582946
583439
583932
584426
584920
585414
585908
586403
586898
587393
587888
588383
588879
589375
589871
590367
590863
591359
591855
592351
592848
593345
593842
594339
594836
595334
595832
596330
596829
597328
597827
598326
598826
599327
599828
600329
600831
601333
601835
602337
602839
603341
603843
604345
604847
605349
605851
606354
606857
607360
607863
608366
608869
609372
609876
610380
610884
611388
611893
612398
612904
613410
613916
614422
614929
615436
615943
616450
616957
617464
617972
618480
618988
619496
620004
620512
621020
621528
622036
622545
623054
623563
624072
624581
625091
625601
626111
626621
627131
627643
628155
628667
629179
629692
630205
630718
631232
631746
632260
632774
633288
633803
634318
634833
635348
635864
636380
636896
637412
637928
638444
638960
639476
639992
640508
641024
641541
642058
642575
643092
643609
644127
644645
645165
645685
646205
646725
647245
647766
648287
648808
649329
649851
650373
650896
651419
651942
652465
652988
653512
654036
654560
655084
655608
656132
656656
657181
657706
658231
658756
659282
659809
660336
660863
661390
661917
662445
662973
663501
664029
664558
665087
665617
666147
666677
667207
667737
668267
668798
669330
669862
670394
670926
671458
671990
672523
673056
673589
674122
674655
675188
675721
676255
676789
677323
677858
678393
678928
679463
679998
680534
681070
681606
682142
682679
683216
683753
684291
684829
685367
685905
686444
686983
687522
688061
688600
689139
689679
690219
690760
691301
691842
692383
692924
693465
694007
694549
695091
695633
696176
696719
697263
697808
698353
698898
699443
699989
700535
701081
701627
702174
702721
703268
703815
704362
704910
705458
706006
706555
707104
707653
708202
708751
709300
709849
710398
710947
711496
712046
712596
713146
713696
714247
714798
715349
715900
716451
717003
717555
718107
718660
719213
719767
720322
720877
721432
721988
722544
723100
723657
724214
724771
725328
725886
726444
727002
727560
728118
728676
729234
729792
730350
730908
731467
732027
732587
733147
733707
734268
734829
735390
735952
736514
737076
737639
738202
738765
739328
739892
740456
741021
741586
742151
742716
743282
743848
744414
744981
745548
746115
746682
747249
747817
748385
748953
749521
750089
750658
751227
751796
752366
752936
753506
754076
754646
755217
755788
756359
756930
757501
758073
758645
759217
759790
760363
760937
761511
762085
762660
763235
763810
764385
764960
765535
766110
766685
767261
767837
768413
768989
769565
770142
770719
771296
771873
772451
773029
773607
774185
774764
775343
775923
776503
777083
777663
778244
778825
779406
779988
780571
781154
781737
782320
782903
783486
784069
784652
785235
785819
786403
786987
787571
788155
788739
789323
789907
790491
791076
791661
792246
792831
793417
794003
794589
795175
795761
796347
796933
797519
798106
798693
799280
799868
800456
801045
801634
802223
802812
803401
803991
804581
805171
805761
806352
806943
807534
808125
808716
809307
809899
810491
811084
811677
812270
812863
813456
814049
814642
815236
815832
816428
817024
817621
818218
818815
819412
820009
820607
821205
821803
822401
823001
823601
824202
824803
825404
826005
826607
827209
827811
828413
829016
829619
830223
830827
831431
832035
832639
833244
833849
834454
835059
835665
836271
836877
837484
838091
838698
839306
839914
840522
841130
841739
842348
842957
843566
844175
844784
845394
846004
846614
847225
847836
848447
849059
849671
850283
850896
851509
852123
852737
853351
853965
854580
855195
855810
856425
857041
857657
858273
858891
859509
860127
860746
861365
861984
862604
863224
863844
864465
865086
865708
866330
866953
867576
868199
868822
869445
870069
870693
871318
871943
872568
873193
873819
874445
875071
875699
876327
876956
877586
878216
878846
879476
880106
880737
881368
881999
882630
883262
883895
884528
885161
885794
886427
887060
887694
888328
888962
889596
890231
890866
891501
892137
892773
893410
894047
894684
895322
895960
896598
897237
897876
898515
899154
899793
900433
901073
901713
902353
902994
903635
904276
904920
905564
906208
906853
907498
908143
908788
909433
910079
910725
911371
912017
912664
913311
913958
914606
915254
915903
916552
917201
917850
918499
919148
919797
920447
921097
921747
922397
923047
923698
924349
925000
925651
926303
926955
927607
928260
928913
929566
930219
930872
931525
932179
932833
933488
934143
934798
935453
936108
936764
937420
938076
938732
939388
940045
940702
941359
942016
942673
943330
943988
944646
945304
945962
946621
947280
947939
948599
949259
949919
950579
951240
951901
952563
953226
953889
954553
955217
955882
956547
957212
957877
958542
959207
959872
960537
961203
961869
962535
963201
963867
964534
965201
965868
966535
967203
967872
968541
969212
969883
970554
971225
971896
972567
973239
973911
974583
975255
975927
976599
977272
977945
978618
979292
979966
980641
981316
981991
982666
983341
984016
984692
985368
986044
986721
987400
988079
988758
989437
990116
990796
991476
992157
992838
993519
994200
994881
995563
996246
996929
997612
998295
998979
999663
1000347
1001031
1001715
1002399
1003084
1003769
1004454
1005140
1005826
1006513
1007200
1007887
1008575
1009263
1009951
1010640
1011329
1012019
1012709
1013399
1014090
1014781
1015473
1016165
1016857
1017549
1018242
1018935
1019628
1020321
1021015
1021709
1022404
1023099
1023794
1024490
1025186
1025883
1026581
1027279
1027977
1028675
1029373
1030071
1030770
1031470
1032170
1032870
1033570
1034271
1034973
1035675
1036377
1037080
1037785
1038491
1039197
1039903
1040609
1041316
1042023
1042730
1043437
1044145
1044853
1045561
1046269
1046978
1047687
1048396
1049105
1049814
1050524
1051234
1051944
1052655
1053366
1054077
1054788
1055499
1056210
1056923
1057637
1058351
1059065
1059779
1060493
1061208
1061923
1062639
1063355
1064071
1064787
1065504
1066221
1066938
1067656
1068375
1069095
1069815
1070535
1071255
1071976
1072697
1073419
1074141
1074863
1075585
1076307
1077029
1077752
1078475
1079198
1079921
1080644
1081368
1082092
1082816
1083541
1084266
1084992
1085718
1086444
1087171
1087898
1088625
1089352
1090079
1090807
1091535
1092264
1092993
1093722
1094451
1095181
1095911
1096642
1097373
1098104
1098835
1099567
1100299
1101031
1101764
1102497
1103231
1103965
1104699
1105433
1106168
1106904
1107640
1108377
1109114
1109851
1110588
1111325
1112063
1112801
1113539
1114277
1115015
1115754
1116493
1117232
1117972
1118712
1119452
1120192
1120933
1121674
1122415
1123157
1123899
1124641
1125383
1126127
1126871
1127615
1128359
1129105
1129852
1130599
1131346
1132093
1132841
1133589
1134339
1135089
1135840
1136591
1137342
1138094
1138846
1139599
1140352
1141105
1141858
1142611
1143364
1144118
1144872
1145626
1146380
1147134
1147889
1148645
1149402
1150159
1150916
1151674
1152432
1153190
1153948
1154707
1155467
1156228
1156990
1157752
1158515
1159278
1160042
1160806
1161571
1162336
1163102
1163868
1164634
1165401
1166168
1166936
1167705
1168475
1169245
1170016
1170788
1171561
1172334
1173107
1173880
1174654
1175428
1176203
1176978
1177753
1178530
1179310
1180090
1180870
1181651
1182432
1183213
1183994
1184775
1185558
1186341
1187125
1187909
1188693
1189478
1190263
1191048
1191833
1192619
1193405
1194192
1194982
1195773
1196565
1197357
1198149
1198941
1199733
1200526
1201319
1202112
1202906
1203700
1204495
1205290
1206086
1206882
1207678
1208477
1209278
1210079
1210880
1211681
1212482
1213284
1214086
1214888
1215691
1216494
1217298
1218102
1218906
1219711
1220516
1221322
1222129
1222936
1223743
1224550
1225358
1226166
1226975
1227784
1228593
1229402
1230212
1231022
1231833
1232644
1233455
1234267
1235079
1235892
1236706
1237520
1238334
1239149
1239964
1240780
1241596
1242412
1243229
1244046
1244863
1245680
1246497
1247315
1248133
1248951
1249769
1250588
1251407
1252227
1253047
1253869
1254693
1255518
1256343
1257168
1257993
1258819
1259645
1260472
1261299
1262126
1262956
1263786
1264617
1265448
1266280
1267112
1267944
1268776
1269609
1270443
1271278
1272113
1272950
1273787
1274624
1275461
1276299
1277137
1277976
1278816
1279657
1280500
1281343
1282187
1283033
1283880
1284730
1285581
1286432
1287283
1288135
1288988
1289842
1290696
1291551
1292406
1293261
1294117
1294974
1295831
1296690
1297550
1298413
1299276
1300139
1301004
1301869
1302735
1303601
1304468
1305335
1306204
1307076
1307952
1308828
1309705
1310582
1311459
1312337
1313215
1314094
1314973
1315853
1316734
1317615
1318497
1319379
1320262
1321147
1322032
1322918
1323805
1324694
1325585
1326476
1327370
1328266
1329163
1330061
1330961
1331862
1332763
1333664
1334566
1335469
1336374
1337279
1338187
1339095
1340003
1340912
1341821
1342733
1343645
1344558
1345471
1346384
1347301
1348218
1349136
1350055
1350975
1351895
1352816
1353737
1354659
1355581
1356504
1357428
1358354
1359280
1360207
1361135
1362063
1362991
1363920
1364849
1365779
1366710
1367646
1368584
1369522
1370461
1371400
1372340
1373282
1374227
1375172
1376122
1377072
1378023
1378977
1379931
1380889
1381847
1382806
1383766
1384727
1385694
1386665
1387637
1388612
1389589
1390569
1391550
1392532
1393515
1394499
1395484
1396474
1397465
1398457
1399449
1400442
1401437
1402432
1403429
1404428
1405429
1406431
1407438
1408445
1409453
1410469
1411487
1412505
1413530
1414555
1415583
1416613
1417653
1418705
1419770
1420837
1421908
1422982
1424058
1425158
1426267
1427378
1428495
1429640
1430798
1431969
1433141
1434384
1435644
1436928
1438272
1439758
1441254
1442806
1444360
1445926
1447591
1449516
1451478
1453611
1455760
1457917
1460105
1462447
1464855
1467487
1470272
1473073
1476531
1480308
1484569
1489148
1493931
1498811
1503820
1509369
1515646
1522009
1528937
1535920
1545037
